6736
6949
7096
6828
6804
6968
6978
6956
6961
6846
6947
6807
6738
6710
7127
6790
6855
6893
7004
6781
6963
6869
6908
6914
6857
6779
6866
6883
6882
7013
7020
6963
7020
6834
6991
6870
6794
6928
6860
6850
6842
6843
6955
6854
6853
6823
6703
6760
6983
6938
6792
6794
6834
6868
6928
6934
6850
6927
6864
6707
6608
6928
6896
6952
6898
6894
6933
6878
7035
6878
7023
6851
7091
6845
6631
6813
6906
6790
6904
6957
6966
6879
6826
6775
6878
6906
6839
6844
6913
6929
6958
6993
6902
6821
6884
6881
6890
6674
6889
6737
6775
6826
6957
6975
6919
6856
6723
6762
6876
6832
6682
6917
6847
6825
6889
6916
6810
6889
6851
6728
6697
6822
6926
6970
6857
6859
6970
6943
6879
6806
6777
6718
6727
6826
6739
6766
6799
6829
6970
6809
6926
6826
6857
6820
6703
6840
6890
6828
7027
6888
6863
6971
7011
6821
6660
6866
6929
6838
6767
6746
6821
6912
6972
6987
6850
6694
6807
6584
6686
6970
6884
6857
6876
6858
6945
6956
6850
6830
6780
6909
6782
6866
6686
6884
6764
6868
6960
7133
6947
7023
6817
6599
6869
6810
6867
6710
6776
6954
6913
6935
6956
6723
6816
6816
6731
6954
6786
6744
6880
6841
6986
6937
6875
6746
6899
6940
6937
6836
6881
6950
6883
6885
6990
6987
6857
6891
7136
7112
6852
6937
6993
6980
6943
7005
7009
6846
6986
6861
6998
6810
6717
6843
6917
6735
6827
6927
6987
6993
6900
6897
7082
6924
6847
6623
6801
6746
6869
6917
6998
7005
6917
6911
6821
6955
6826
6612
6841
6946
6889
6982
6847
6992
6994
6808
6841
6795
6763
6636
6780
6866
6845
6873
6907
6928
6808
6902
6874
6789
6832
6739
6771
6777
6895
6928
6983
6949
6817
6868
6912
7019
6899
7044
6793
6958
6872
6935
6938
6948
6933
6814
6985
6910
6736
6878
6698
6852
6882
6918
6903
6900
6900
6984
6853
6767
6806
6846
6845
6830
6818
6962
6978
6924
6958
6921
6909
6864
6720
6879
6869
6919
6875
6875
6967
7032
7030
6916
6933
6817
6927
6914
7087
6924
6823
7045
7081
6972
6941
6909
6853
6915
6971
6993
6925
6920
6852
6885
7018
6945
6960
6939
7139
6805
6982
6748
6901
6828
6884
6951
6910
7015
6871
7076
6955
7086
7004
6920
6812
6889
6886
6978
6980
7065
7059
6912
6760
6745
6851
6892
6992
6802
6909
6927
6952
6965
6975
6692
6789
6699
6698
6655
6826
6819
6852
6943
6917
6942
6958
6859
6898
7103
6908
7029
6792
6796
6826
6986
6946
6962
6803
6869
6978
6916
6710
6711
6862
6848
6814
6961
6968
6974
6965
6919
6833
6787
6936
6679
6643
6754
6792
6882
7006
6997
6939
6867
6702
6789
6647
6737
6883
6867
6857
6959
6966
7009
6970
6910
6949
6981
6864
6924
6839
6757
6865
6857
6931
6931
6850
6913
6763
6972
6782
7090
6867
6909
6808
6913
6959
6955
6979
6971
6796
6745
6845
6849
6764
6893
6869
6974
6954
6929
6911
7033
7077
6868
6887
6759
6905
6850
6846
6912
6933
6909
6908
6915
6837
6822
6857
6977
6791
6852
6923
6931
7014
6959
6937
6828
6713
6953
6892
6883
6906
6910
6933
6934
6921
7005
7012
6999
7038
6851
6774
6986
6909
6831
6867
6932
6909
6932
7056
6938
6827
6849
7066
6885
6826
6895
6857
6898
6944
6931
7061
6972
6944
6951
6812
6981
6900
6869
6979
6965
7055
6989
6869
6833
6933
6784
6866
6745
6834
6908
6965
6913
7043
6917
6919
6957
6751
6832
6905
7109
7051
6928
6889
6911
7079
6979
7053
6947
6835
6893
7054
6999
6983
6973
6982
7054
6976
7086
7013
7005
7109
7128
6846
6854
6911
6797
6970
6925
6979
6982
6960
6997
6937
6859
6788
6907
6835
6821
6799
6879
6923
6939
6958
6855
6920
7031
6984
6909
6863
6838
6865
6941
7008
7041
6996
6888
6910
6822
6875
7014
6967
7142
6971
6983
7002
7048
7115
6963
7043
6911
6719
6899
6814
6745
6877
6926
7080
6996
6956
6924
6931
7080
6972
6992
6748
6913
6906
6939
7053
7064
7070
7036
6905
7013
6901
6922
7003
6909
6871
7000
7036
7071
7095
6846
6794
7014
6882
6794
6942
6903
6953
6870
7035
7051
7118
6958
6741
6863
6782
7037
6798
6813
6878
6938
6946
6971
6954
6929
6747
6937
6754
6959
6804
6852
6849
6959
6995
7087
7008
6857
7081
6845
6982
6877
6866
6869
6986
6954
7034
6987
6975
6980
6849
6796
6921
6938
7013
6921
6987
6897
7034
7021
7099
6916
6883
6817
6863
6914
6825
6961
6951
7013
6950
6980
7121
6923
6903
6957
6974
6887
6927
7015
6902
6965
7082
7105
6982
6887
6941
7252
7030
7011
6957
6895
7041
7008
7001
7028
6997
7127
6737
6875
6911
6807
6919
6896
6918
7012
6933
7075
7057
6966
6851
6954
6965
7008
6873
6894
6915
6935
6997
7085
7036
6933
6865
6911
7011
6771
6852
6867
6925
6902
7003
6890
6926
6902
6918
7153
6963
6885
6887
6915
6784
6982
7043
7046
6910
7043
6882
6863
6843
6873
6784
6854
6860
6981
7026
7097
6967
7108
6850
6919
6864
6879
6950
6863
6951
7013
6950
7102
6996
6841
6693
6771
6908
6993
6830
7005
6859
6997
7041
6979
6999
7014
7059
6780
7126
6765
6988
6868
6893
7025
7044
7020
6988
7007
6961
7026
6909
7025
6783
6803
6843
7015
7016
7061
7023
7001
6991
7040
6873
6977
6844
6926
6855
6940
7071
6987
6907
6915
6883
6775
6966
6987
6867
6872
6834
6995
6937
7047
7014
7084
7031
6958
6951
6892
6948
6974
6922
7007
7033
7027
7098
6996
6936
6996
6905
6888
6884
6915
7070
7047
7068
7042
6992
6999
7099
6975
6763
6851
6738
6922
6930
7009
7105
7157
7117
7070
7007
7062
6956
6794
6809
6953
6961
6985
7070
7009
7093
7079
6963
6866
6917
6921
6837
6937
6877
6931
7056
7069
7013
6966
7131
6954
6967
6794
6940
6910
6930
6957
7035
7015
7135
7096
6998
6943
6983
7146
6886
6956
6986
6992
7036
7083
6984
7099
6891
6924
6886
6992
6786
7010
6930
6925
7000
7131
7118
6887
7026
6910
6775
6982
6963
6775
6895
7020
7048
7086
6932
6972
7038
6934
6832
6947
6949
6985
6909
6922
7078
7109
6916
7005
6988
6973
6918
7064
6881
6975
6970
6963
6939
7018
7049
6996
6954
6885
6946
6789
6904
6919
6869
6938
7062
7046
7010
6991
7008
6999
6917
7028
7013
7226
7022
6984
7076
7015
7029
6910
6922
6927
6874
6949
7053
6887
6962
7011
7007
7023
7001
6998
6709
6880
6980
6789
6825
6841
6890
6923
6934
7061
7096
7004
6788
6975
6921
6794
6862
6834
6879
6907
7005
6903
7085
7019
6860
6960
6944
6774
6760
6839
6851
6965
7025
6959
6955
7033
7054
7021
6964
6918
7024
7023
7028
7022
7092
7068
7036
7006
6841
6925
6992
7207
7034
6922
7062
7022
7037
6967
6885
7022
6978
6891
6930
6838
6982
7079
7038
7065
7123
7113
7039
7047
7063
7058
7029
7122
7004
7048
7060
7101
7027
7088
7023
7099
6822
6794
6805
6868
6881
6884
6922
6976
7008
7069
6982
7079
7006
7082
7049
6989
6877
6870
6962
6987
7064
7013
7070
7087
6989
6925
6936
7061
7048
7002
7020
7078
7068
7116
6950
6873
7050
6982
7045
6867
6933
6939
6947
7000
7062
7012
6960
7129
6974
6967
6906
6755
6839
6866
6971
6912
7041
6923
6962
6861
6744
6871
7051
6990
6937
6876
6977
7109
7051
7035
7073
7140
7135
6950
6930
7108
6925
7002
7022
7041
6974
7088
7119
7084
6812
6987
7018
6826
6768
6886
6870
6837
7059
7080
6958
7115
7053
6973
6987
7086
6904
7013
6984
7056
7047
6988
6953
6974
7041
7105
7108
7027
6963
6999
6962
6992
7034
7063
7028
7232
7001
7138
6933
7105
6980
6997
7010
6966
7066
7042
7054
7076
7117
7059
7017
7129
7093
6909
7037
7020
7039
7105
7006
7087
6988
7017
7002
6921
7012
7007
6945
7067
7085
7091
7112
6949
6915
6778
6977
6837
6843
6841
6956
6995
7052
7116
7150
7079
6881
7027
6827
6957
7063
7115
7072
7105
7173
7177
7138
6916
7037
7026
7004
7141
6949
6945
6935
7005
7111
6995
7183
7007
7015
7002
6986
6951
6864
6859
6887
6931
7006
6983
6951
7079
7015
7022
6985
7181
6920
6842
6982
7079
7059
7082
7060
7017
7013
7019
6958
7157
6970
6986
6967
6969
7068
7047
7025
6967
6922
7062
7006
6952
6985
7089
6935
7060
7127
7093
7093
7114
6905
6893
7052
6907
7099
7094
7056
7044
7101
7095
7107
6964
7041
7154
7109
7109
7009
7024
7016
6952
7074
7014
6997
6972
7100
6903
6806
6992
6855
6914
6971
7024
7073
7015
7034
7043
7098
7025
6877
6913
6856
7011
7066
7046
7060
7088
7049
7007
7130
7150
6943
7102
7026
7001
7022
7032
7104
7016
7080
7016
7090
7170
6921
6795
6773
6993
6948
7030
7051
7074
7116
7067
7061
6974
6902
7014
7033
7100
6990
7039
7100
7053
7095
7004
7074
7139
6976
7028
6877
6919
6945
7089
6989
7150
6934
7193
7012
7165
7155
7062
7077
6935
6981
7073
7059
7067
6975
7147
6909
6943
7273
6897
6913
6999
6967
7015
7063
7106
7037
6875
6883
7072
6898
6939
6961
6946
7008
7007
7127
7090
7048
7007
7034
6992
7010
6924
6951
6979
6922
6957
7045
7068
7247
7136
7081
7195
6998
7103
6924
6893
6929
6977
7171
7130
7123
7084
6831
7093
6962
6889
6866
6990
6959
7059
7087
7021
7052
7132
7094
7057
7129
7230
6953
6974
7002
7057
7075
7191
7065
7010
7147
7340
7064
6995
6940
7073
7034
7033
7071
7006
7127
6967
6873
6949
7148
7226
6949
7048
7006
7025
7115
7127
7010
7026
7289
6988
7077
6924
6841
6958
7049
7011
7117
7067
7121
7028
6984
6913
7029
7058
6872
6986
7056
7015
7084
7077
7151
7115
7049
7025
7149
7044
6785
6992
6898
7017
7117
7054
7131
7097
7080
7179
7163
7057
6858
6942
7042
6979
7116
7183
7170
7024
7105
7091
7127
6995
7099
7015
7000
7097
6979
7148
7082
7080
7146
7226
7146
7161
7088
7146
7063
7065
7118
7214
7149
7126
7159
7183
6970
7073
7268
7119
7002
7062
7124
7110
7102
7101
7144
6955
6959
7009
6857
6983
7007
7064
7115
7126
7111
7070
6886
7038
7131
7056
7053
7026
7020
7021
7054
7091
7123
7002
7000
6900
6873
7148
7015
6987
6968
7088
7154
7157
7185
6958
6957
6887
6988
7083
6922
7040
7017
7118
7100
7041
6997
7053
7013
7037
7112
7088
7074
7253
7097
7058
7143
7126
7021
7085
7240
7033
6939
6901
6885
6952
7051
7036
7155
7063
7057
6980
7062
7043
6940
6946
7054
7153
7085
7045
7038
7036
7106
7243
7057
6992
7072
7001
7150
6999
7052
7049
7161
7210
7170
6884
7231
7025
7106
7132
7056
7025
7025
7009
7072
7078
7030
7046
7024
6968
7070
7140
7184
7010
6931
7078
7171
7113
7059
6834
6873
7013
6973
7009
7063
6970
6999
7126
7046
7085
7223
6990
7208
7069
7035
7175
7258
7035
7060
7048
7149
7123
7142
7055
7078
6894
7011
6944
6868
7083
6971
7100
7145
7135
7115
7173
6997
7052
7035
7081
7014
7024
7071
7091
7185
7079
7052
7112
7102
7061
